[gd_scene load_steps=5 format=3 uid="uid://b132g3gl88ufv"]

[ext_resource type="PackedScene" uid="uid://d2chxchtnk1h0" path="res://scenes/art_scenes/road.tscn" id="1_l31le"]
[ext_resource type="PackedScene" uid="uid://bhbu8n8xxwgvo" path="res://scenes/art_scenes/instance_placer.tscn" id="2_vfb1a"]
[ext_resource type="PackedScene" uid="uid://ccynrkwm7ix4s" path="res://scenes/art_scenes/barrier[art].tscn" id="3_1kxbn"]

[sub_resource type="Curve3D" id="Curve3D_gbb6u"]
_data = {
"points": PackedVector3Array(-14.1864, 1.17991, -5.66913, 14.1864, -1.17991, 5.66913, -68.6461, -1.39769, -14.8219, 0, 0, 0, 0, 0, 0, -31.6334, -1.78941, -7.75628, -12.7818, 3.8147e-05, 8.05968, 12.7818, -3.8147e-05, -8.05968, 21.0872, -11.1223, -12.5557, 0, 0, 0, 0, 0, 0, 20.4798, -11.3967, -28.7428),
"tilts": PackedFloat32Array(0, 0, 0, 0)
}
point_count = 4
up_vector_enabled = false

[node name="Germantown_start_1" type="Node3D"]
transform = Transform3D(0.964691, 0, -0.263385, 0, 1, 0, 0.263385, 0, 0.964691, 0, 0, 0)

[node name="Road" parent="." instance=ExtResource("1_l31le")]
transform = Transform3D(1, 0, 0, 0, 1, 0, 0, 0, 1, 44.8289, 0.186474, 0.0788243)

[node name="Path3D" parent="Road" index="0"]
transform = Transform3D(1, 0, 0, 0, 1, 0, 0, 0, 1, 0, 0, -0.169477)
curve = SubResource("Curve3D_gbb6u")

[node name="InstancePlacer" parent="Road/Path3D" index="1" node_paths=PackedStringArray("path_parent") instance=ExtResource("2_vfb1a")]
original = ExtResource("3_1kxbn")
path_parent = NodePath("../..")
instance_count = 5
separation = 5.0
start_offset = 91.9

[node name="BarrierPlaceholder[art]" parent="Road/Path3D/InstancePlacer" instance=ExtResource("3_1kxbn")]
transform = Transform3D(-0.861147, -0.00190661, 0.508351, -9.06761e-12, 0.999993, 0.00375056, -0.508354, 0.00322978, -0.861141, 22.9358, -11.1219, -13.1985)

[node name="_Node3D_58072" parent="Road/Path3D/InstancePlacer" instance=ExtResource("3_1kxbn")]
transform = Transform3D(0.0986189, -0.00367528, 0.995119, 0, 0.999993, 0.00369329, -0.995126, -0.000364228, 0.0986182, 24.0974, -12.1478, -16.8115)

[node name="_Node3D_58073" parent="Road/Path3D/InstancePlacer" instance=ExtResource("3_1kxbn")]
transform = Transform3D(0.419018, -0.00331483, 0.907972, 0, 0.999993, 0.00365078, -0.907978, -0.00152974, 0.419015, 24.5403, -12.1319, -18.0658)

[node name="_Node3D_58076" parent="Road/Path3D/InstancePlacer" instance=ExtResource("3_1kxbn")]
transform = Transform3D(-0.109828, -0.0036287, 0.993944, 9.75601e-11, 0.999993, 0.00365078, -0.993951, 0.00040096, -0.109828, 23.8866, -12.1319, -20.3503)

[node name="_Node3D_58078" parent="Road/Path3D/InstancePlacer" instance=ExtResource("3_1kxbn")]
transform = Transform3D(0.0151814, 0.265929, 0.963872, 0.99331, -0.114387, 0.0159141, 0.114486, 0.957182, -0.265886, 20.694, -11.7411, -19.6187)

[node name="_Node3D_58077" parent="Road/Path3D/InstancePlacer" instance=ExtResource("3_1kxbn")]
transform = Transform3D(-0.00648248, -0.00365071, 0.999972, 9.75601e-11, 0.999993, 0.00365078, -0.999979, 2.36667e-05, -0.00648263, 23.4806, -12.1319, -21.472)

[node name="_Node3D_58079" parent="Road/Path3D/InstancePlacer" instance=ExtResource("3_1kxbn")]
transform = Transform3D(0.0851661, -0.00363752, 0.99636, 9.9379e-11, 0.999993, 0.00365078, -0.996367, -0.000310923, 0.0851652, 12.4181, -12.1319, -32.0537)

[node name="_Node3D_58080" parent="Road/Path3D/InstancePlacer" instance=ExtResource("3_1kxbn")]
transform = Transform3D(0.202968, -0.0035748, 0.979178, 5.05517e-11, 0.999993, 0.00365078, -0.979185, -0.000740993, 0.202966, 15.6239, -12.1319, -40.4579)

[node name="_Node3D_58081" parent="Road/Path3D/InstancePlacer" instance=ExtResource("3_1kxbn")]
transform = Transform3D(-0.403169, -0.00334093, 0.915119, 5.05517e-11, 0.999993, 0.00365078, -0.915126, 0.00147188, -0.403166, 18.458, -12.1319, -41.2353)

[node name="_Node3D_58082" parent="Road/Path3D/InstancePlacer" instance=ExtResource("3_1kxbn")]
transform = Transform3D(-0.176147, -0.0035937, 0.984357, 5.05517e-11, 0.999993, 0.00365078, -0.984364, 0.000643076, -0.176146, 21.3155, -12.1319, -41.2492)

[node name="_Node3D_58083" parent="Road/Path3D/InstancePlacer" instance=ExtResource("3_1kxbn")]
transform = Transform3D(-0.983276, 0.000664891, -0.182122, 5.05517e-11, 0.999993, 0.00365078, 0.182123, 0.00358973, -0.983269, 14.8879, -12.1319, -30.2424)

[node name="_Node3D_58074" parent="Road/Path3D/InstancePlacer" instance=ExtResource("3_1kxbn")]
transform = Transform3D(-0.396055, 0.112357, 0.911327, 0.917499, 0.00893322, 0.397636, 0.0365362, 0.993627, -0.106626, 24.8621, -11.5051, -24.7529)

[node name="_Node3D_58075" parent="Road/Path3D/InstancePlacer" instance=ExtResource("3_1kxbn")]
transform = Transform3D(0.64199, -0.00273686, 0.766708, -1.46639e-10, 0.999994, 0.0035696, -0.766713, -0.00229164, 0.641986, 22.4947, -11.3795, -27.3593)

[node name="InstancePlacer2" parent="Road/Path3D" index="2" node_paths=PackedStringArray("path_parent") instance=ExtResource("2_vfb1a")]
original = ExtResource("3_1kxbn")
path_parent = NodePath("../..")
instance_count = 10
separation = 1.92
start_offset = 94.32
offset_from_curve = Vector2(8.34, 0)

[node name="BarrierPlaceholder[art]" parent="Road/Path3D/InstancePlacer2" instance=ExtResource("3_1kxbn")]
transform = Transform3D(0.75326, 0.00251618, -0.657718, 0, 0.999992, 0.00382559, 0.657723, -0.00288166, 0.753255, 28.1152, -11.1246, -7.32461)

[node name="BarrierPlaceholder[art]2" parent="Road/Path3D/InstancePlacer2" instance=ExtResource("3_1kxbn")]
transform = Transform3D(0.588146, 0.00309396, -0.808749, 0, 0.999992, 0.00382559, 0.808754, -0.00225001, 0.588142, 25.0685, -11.1246, -5.4348)

[node name="_Node3D_58586" parent="Road/Path3D/InstancePlacer2" instance=ExtResource("3_1kxbn")]
transform = Transform3D(-0.63159, -0.00293233, 0.775297, -3.16288e-11, 0.999993, 0.00378218, -0.775303, 0.00238879, -0.631585, 30.3674, -11.1311, -9.37143)

[node name="_Node3D_58587" parent="Road/Path3D/InstancePlacer2" instance=ExtResource("3_1kxbn")]
transform = Transform3D(-0.777733, -0.00234518, 0.62859, 0, 0.999993, 0.00373083, -0.628594, 0.00290159, -0.777728, 32.5588, -11.1434, -12.141)

[node name="_Node3D_58588" parent="Road/Path3D/InstancePlacer2" instance=ExtResource("3_1kxbn")]
transform = Transform3D(-0.883178, -0.00172156, 0.469036, 2.37335e-11, 0.999993, 0.00367039, -0.469039, 0.00324161, -0.883172, 34.3206, -11.1636, -15.916)

[node name="_Node3D_58589" parent="Road/Path3D/InstancePlacer2" instance=ExtResource("3_1kxbn")]
transform = Transform3D(0.995906, -0.000326012, 0.0903943, 0, 0.999993, 0.00360654, -0.0903948, -0.00359177, 0.9959, 34.9498, -11.1922, -20.4692)

[node name="_Node3D_58590" parent="Road/Path3D/InstancePlacer2" instance=ExtResource("3_1kxbn")]
transform = Transform3D(0.0203738, -0.487905, 0.872659, 0.999453, -0.0128058, -0.0304938, 0.0260532, 0.872803, 0.487377, 34.1832, -11.1118, -24.7828)

[node name="_Node3D_58591" parent="Road/Path3D/InstancePlacer2" instance=ExtResource("3_1kxbn")]
transform = Transform3D(0.882874, -0.00164851, 0.469608, -2.98384e-11, 0.999994, 0.00351037, -0.469611, -0.00309922, 0.882869, 32.5831, -11.2642, -28.2062)

[node name="_Node3D_58592" parent="Road/Path3D/InstancePlacer2" instance=ExtResource("3_1kxbn")]
transform = Transform3D(0.411453, -0.00317182, 0.911425, 0, 0.999994, 0.00348004, -0.911431, -0.00143187, 0.411451, 30.6687, -11.3016, -30.8386)

[node name="_Node3D_58593" parent="Road/Path3D/InstancePlacer2" instance=ExtResource("3_1kxbn")]
transform = Transform3D(0.648719, -0.00263073, 0.761023, 3.77126e-12, 0.999994, 0.0034568, -0.761028, -0.0022425, 0.648715, 28.6382, -11.3384, -32.9398)

[node name="@Node3D@60523" parent="Road/Path3D/InstancePlacer2" instance=ExtResource("3_1kxbn")]
transform = Transform3D(0.351959, -0.00321822, 0.93601, -2.89646e-11, 0.999994, 0.00343822, -0.936015, -0.00121011, 0.351957, 26.5098, -11.3741, -34.706)

[node name="Cliffs" type="Node3D" parent="."]

[node name="CSGBox3D" type="CSGBox3D" parent="Cliffs"]
transform = Transform3D(1, 0, 0, 0, 1, 0, 0, 0, 1, 26.35, -2.83681, -9.88427)
use_collision = true
size = Vector3(51.1377, 27.0576, 4.0239)

[node name="CSGBox3D4" type="CSGBox3D" parent="Cliffs"]
transform = Transform3D(1, 0, 0, 0, 1, 0, 0, 0, 1, 27.8321, -1.69863, 3.33106)
use_collision = true
size = Vector3(53.1543, 24.7813, 4.1933)

[node name="CSGBox3D2" type="CSGBox3D" parent="Cliffs"]
transform = Transform3D(0.982005, 0, -0.188855, 0, 1, 0, 0.188855, 0, 0.982005, -9.59178, 4.02889, -12.5189)
use_collision = true
size = Vector3(27.0596, 13.3262, 4.1933)

[node name="CSGBox3D5" type="CSGBox3D" parent="Cliffs"]
transform = Transform3D(0.953812, 0, 0.300406, 0, 1, 0, -0.300406, 0, 0.953812, 59.1849, -3.72275, -12.4678)
use_collision = true
size = Vector3(14.5201, 26.3466, 5.66782)

[node name="CSGBox3D6" type="CSGBox3D" parent="Cliffs"]
transform = Transform3D(0.915922, 0, 0.401356, 0, 1, 0, -0.401356, 0, 0.915922, 62.7109, -3.72275, 0.0617542)
use_collision = true
size = Vector3(14.5201, 26.3466, 2.41403)

[node name="CSGBox3D7" type="CSGBox3D" parent="Cliffs"]
transform = Transform3D(0.915922, 0, 0.401357, 0, 1, 0, -0.401357, 0, 0.915922, 71.2449, -14.3621, -20.902)
use_collision = true
size = Vector3(19.58, 5.06785, 47.1934)

[node name="CSGBox3D3" type="CSGBox3D" parent="Cliffs"]
transform = Transform3D(0.982005, 0, -0.188855, 0, 1, 0, 0.188855, 0, 0.982005, -8.7444, 4.02889, -0.656269)
use_collision = true
size = Vector3(27.0596, 13.3262, 4.1933)

[node name="Props" type="Node3D" parent="."]

[node name="BarrierPlaceholder[art]" parent="." instance=ExtResource("3_1kxbn")]
transform = Transform3D(0.964691, 0, 0.263385, 0, 1, 0, -0.263385, 0, 0.964691, 5.67311, -1.55361, -3.24897)

[node name="BarrierPlaceholder[art]2" parent="." instance=ExtResource("3_1kxbn")]
transform = Transform3D(0.8014, 0, -0.598128, 0, 1, 0, 0.598128, 0, 0.8014, 5.57433, -1.55361, -6.21751)

[node name="BarrierPlaceholder[art]8" parent="." instance=ExtResource("3_1kxbn")]
transform = Transform3D(0.278723, 0, -0.960371, 0, 1, 0, 0.960371, 0, 0.278723, 3.86453, -1.55361, -6.90585)

[node name="BarrierPlaceholder[art]9" parent="." instance=ExtResource("3_1kxbn")]
transform = Transform3D(-0.542427, 0, -0.840103, 0, 1, 0, 0.840103, 0, -0.542427, 0.143456, -1.55361, -3.5011)

[node name="BarrierPlaceholder[art]3" parent="." instance=ExtResource("3_1kxbn")]
transform = Transform3D(0.8014, 0, -0.598128, 0, 1, 0, 0.598128, 0, 0.8014, 4.80573, -1.55361, -1.47428)

[node name="BarrierPlaceholder[art]4" parent="." instance=ExtResource("3_1kxbn")]
transform = Transform3D(-0.0279153, 0.964691, 0.261901, -0.994367, -4.19095e-08, -0.105986, -0.102244, -0.263385, 0.959257, 3.55819, -1.0362, -4.48854)

[node name="BarrierPlaceholder[art]6" parent="." instance=ExtResource("3_1kxbn")]
transform = Transform3D(-0.0279153, 0.964691, 0.261901, -0.994367, -4.19095e-08, -0.105986, -0.102244, -0.263385, 0.959257, 4.00128, -0.537226, -4.03319)

[node name="BarrierPlaceholder[art]7" parent="." instance=ExtResource("3_1kxbn")]
transform = Transform3D(0.0700026, 0.750838, -0.656766, -0.994367, -4.01126e-08, -0.105986, -0.0795787, 0.660487, 0.746609, 4.20415, -0.200455, -4.06446)

[node name="BarrierPlaceholder[art]5" parent="." instance=ExtResource("3_1kxbn")]
transform = Transform3D(-0.0279153, 0.964691, 0.261901, -0.994367, -4.19095e-08, -0.105986, -0.102244, -0.263385, 0.959257, 3.63661, -1.39246, -4.15852)

[editable path="Road"]
