[gd_scene load_steps=4 format=3 uid="uid://jlhisr8heyuo"]

[ext_resource type="PackedScene" uid="uid://d2chxchtnk1h0" path="res://scenes/art_scenes/road.tscn" id="1_od0kw"]
[ext_resource type="PackedScene" uid="uid://pj1j1g11i2sh" path="res://scenes/art_scenes/mountain_props.tscn" id="2_do3v4"]

[sub_resource type="Curve3D" id="Curve3D_ofuue"]
_data = {
"points": PackedVector3Array(0, 0, 0, 0, 0, 0, -0.0198013, 10.5947, 0.000556012, -6.67157, 0, -20.0146, 6.67157, 0, 20.0146, -85.756, 0, 102.928, 19.2733, 0, 31.1339, -19.2733, 0, -31.1339, -16.243, 0, 41.0697, -7, 9, -9, 7, -9, 9, -104.648, -23.6591, 96.2317, 9.86655, 0, 7.06096, -9.86655, 0, -7.06096, -54.3801, -37.2374, -7.04496, 28.1258, 0, 19.9129, -28.1258, 0, -19.9129, -128.531, -45.4879, 81.5483, 11.3554, 0, 10.1972, -11.3554, 0, -10.1972, -72.4656, -57.0516, -5.03347, 0, 0, 0, 0, 0, 0, -118.648, -78.7508, -14.6271),
"tilts": PackedFloat32Array(0, 0, 0, -1.75686, -1.97712, 0, 0, 0)
}
point_count = 8

[node name="Germantown0Path_a" type="Node3D"]

[node name="Road" parent="." instance=ExtResource("1_od0kw")]

[node name="Path3D" parent="Road" index="0"]
transform = Transform3D(0.999998, 0.00186893, 0.00108997, -0.00186899, 0.999998, 5.24953e-05, -0.00108987, -5.45172e-05, 0.999999, 0, 129.763, 0)
curve = SubResource("Curve3D_ofuue")

[node name="mountain_props" parent="." instance=ExtResource("2_do3v4")]
transform = Transform3D(-0.985868, 0, 0.167526, 0, 1, 0, -0.167526, 0, -0.985868, -147.109, -88.4281, 141.783)

[node name="mountain 1" parent="mountain_props" index="3"]
visible = false

[node name="mountain 2" parent="mountain_props" index="4"]
transform = Transform3D(-0.586241, -0.0529842, -0.808402, -0.114026, 0.993322, 0.0175857, 0.802073, 0.102488, -0.588368, -15.7007, 172.151, -7.1904)
visible = true

[node name="CollisionShape3D" parent="mountain_props/mountain 2/StaticBody3D" index="0"]
transform = Transform3D(1, 0, 1.49012e-08, 0, 1, -1.86265e-09, 1.49012e-08, 1.86265e-09, 1, 0, 0, 0)

[node name="CollisionShape3D" parent="mountain_props/mountain 3_001/StaticBody3D" index="0"]
transform = Transform3D(1, 0, 0, 0, 1, 0, 0, 0, 1, 0, 0, 0)

[node name="CollisionShape3D" parent="mountain_props/Cube_004/StaticBody3D" index="0"]
transform = Transform3D(1, 0, -2.98023e-08, 0, 1, 0, 2.98023e-08, 0, 1, 0, 0, 0)

[node name="CollisionShape3D" parent="mountain_props/Cube_007/StaticBody3D" index="0"]
transform = Transform3D(1, 0, 0, 0, 1, 0, 0, 0, 1, 0, 0, 0)

[node name="CollisionShape3D" parent="mountain_props/mountain 2_001/StaticBody3D" index="0"]
transform = Transform3D(1, 1.86265e-09, 0, 3.72529e-09, 1, -3.72529e-09, 0, 3.72529e-09, 1, 0, 0, 0)

[node name="CollisionShape3D" parent="mountain_props/Cube_008/StaticBody3D" index="0"]
transform = Transform3D(1, 0, -2.98023e-08, 0, 1, 0, 2.98023e-08, 0, 1, 0, 0, 0)

[node name="CollisionShape3D" parent="mountain_props/mountain 3_002/StaticBody3D" index="0"]
transform = Transform3D(1, 0, 1.49012e-08, 0, 1, 0, -1.49012e-08, 0, 1, 0, 0, 0)

[editable path="Road"]
[editable path="mountain_props"]
